-0.00227406
0.0107851
0.0196699
0.0460785
0.0451088
0.0597568
0.100711
0.0924183
0.0959156
0.121683
0.126031
0.146293
0.155557
0.16385
0.183796
0.195543
0.206929
0.219537
0.22444
0.229197
0.258771
0.246798
0.271331
0.276722
0.280425
0.296805
0.321542
0.354214
0.329201
0.349422
0.393936
0.392092
0.387635
0.396831
0.408077
0.431759
0.431617
0.452096
0.452915
0.473022
0.47196
0.484667
0.484077
0.5219
0.502998
0.532451
0.546949
0.557307
0.569612
0.580778
0.575633
0.588797
0.591038
0.619376
0.628359
0.653991
0.652215
0.650113
0.664911
0.666241
0.684291
0.694882
0.727081
0.7322
0.720909
0.72815
0.716789
0.75427
0.750981
0.767701
0.792357
0.777798
0.783452
0.80235
0.791968
0.804752
0.804731
0.822469
0.830215
0.829565
0.844187
0.861148
0.871537
0.859246
0.877234
0.871764
0.889524
0.888594
0.893756
0.916966
0.91866
0.905378
0.899728
0.926156
0.937658
0.937583
0.938961
0.954733
0.933097
0.946593
0.960641
0.949489
0.944827
0.957547
0.965347
0.976801
0.961373
0.968945
0.982893
0.980139
0.981232
0.985612
0.979326
0.969678
0.98769
0.988915
0.983148
0.989742
0.989096
1.0066
0.991996
0.987874
0.994571
0.989558
1.00888
0.989921
0.995255
1.02572
1.00086
0.998613
1.00953
0.99446
1.00589
0.994643
0.990431
0.999317
0.996745
0.978494
0.983197
0.987016
0.987511
0.986802
0.972315
0.971369
0.966927
0.988466
0.976742
0.952205
0.949722
0.933748
0.953473
0.930585
0.958961
0.931925
0.925298
0.946846
0.910398
0.911264
0.925801
0.920152
0.908265
0.8943
0.890544
0.885102
0.889275
0.861546
0.873349
0.868715
0.866081
0.847129
0.827731
0.827472
0.823436
0.813073
0.811013
0.824261
0.819839
0.78913
0.785549
0.773702
0.771324
0.761147
0.758727
0.758551
0.745558
0.726016
0.719587
0.731316
0.704737
0.706302
0.68781
0.678222
0.676755
0.670228
0.655652
0.646854
0.643436
0.618149
0.606987
0.60155
0.600505
0.580499
0.562309
0.56536
0.532824
0.53382
0.517185
0.511002
0.505445
0.483242
0.465624
0.461075
0.453466
0.445478
0.450552
0.429931
0.407438
0.401087
0.380518
0.382224
0.376875
0.361097
0.32683
0.329792
0.317357
0.306344
0.288108
0.28378
0.264654
0.271014
0.251473
0.233923
0.206463
0.219969
0.182615
0.181084
0.169714
0.168876
0.154107
0.130523
0.116074
0.122207
0.100508
0.0997894
0.0790545
0.0657247
0.0543098
0.0471206
0.00766663
0.00903698
-0.00684199
-0.00740198
-0.0205159
-0.0202198
-0.0402478
-0.0536325
-0.0593359
-0.0885609
-0.0976481
-0.0929539
-0.116588
-0.144125
-0.143566
-0.181235
-0.177098
-0.175904
-0.199403
-0.209402
-0.225406
-0.220061
-0.239265
-0.246544
-0.270431
-0.29207
-0.302342
-0.310269
-0.326383
-0.326851
-0.351771
-0.360139
-0.372952
-0.38703
-0.397794
-0.410194
-0.41142
-0.431433
-0.405956
-0.44535
-0.455666
-0.476189
-0.482702
-0.512602
-0.516749
-0.514679
-0.532292
-0.530323
-0.540647
-0.549014
-0.563527
-0.588935
-0.593085
-0.572854
-0.621185
-0.614628
-0.629481
-0.628609
-0.639
-0.667117
-0.664746
-0.661997
-0.689535
-0.689865
-0.6929
-0.732947
-0.705704
-0.717372
-0.727958
-0.743238
-0.759402
-0.764617
-0.773006
-0.782675
-0.778445
-0.806057
-0.818213
-0.794528
-0.82388
-0.829872
-0.816545
-0.819495
-0.844625
-0.838352
-0.855158
-0.852759
-0.871203
-0.880817
-0.892005
-0.899108
-0.893204
-0.898854
-0.912102
-0.90539
-0.913484
-0.912212
-0.93336
-0.936449
-0.925907
-0.933386
-0.949315
-0.945245
-0.943872
-0.95314
-0.951381
-0.965565
-0.959029
-0.966907
-0.963253
-0.99321
-0.99149
-0.976379
-0.972606
-0.977
-0.996484
-0.992086
-0.998177
-0.983561
-0.991039
-1.00308
-1.0024
-0.991429
-0.97833
-0.992125
-1.0073
-1.01686
-1.00049
-0.991372
-0.993475
-0.997677
-0.995287
-1.00519
-1.01505
-0.990397
-0.996226
-1.01146
-0.994744
-0.981596
-1.00638
-1.00743
-0.981942
-0.984622
-0.983749
-0.994437
-0.964763
-0.988687
-0.972913
-0.97296
-0.972319
-0.964766
-0.964385
-0.951401
-0.965791
-0.941082
-0.928097
-0.944673
-0.937447
-0.916406
-0.921758
-0.913231
-0.924903
-0.902469
-0.899561
-0.899874
-0.89965
-0.879664
-0.864786
-0.891021
-0.87662
-0.870299
-0.854806
-0.842443
-0.847331
-0.8314
-0.824669
-0.807198
-0.827182
-0.807505
-0.792131
-0.783976
-0.795562
-0.778828
-0.76725
-0.770446
-0.748706
-0.761691
-0.723757
-0.728784
-0.712425
-0.713255
-0.711509
-0.690589
-0.695845
-0.659253
-0.669687
-0.659925
-0.647012
-0.647033
-0.62308
-0.603727
-0.605729
-0.604513
-0.565049
-0.58367
-0.569576
-0.549904
-0.538654
-0.528025
-0.523944
-0.515888
-0.517993
-0.497276
-0.50315
-0.483551
-0.471545
-0.446632
-0.453481
-0.441395
-0.418664
-0.410482
-0.385996
-0.383781
-0.374519
-0.361756
-0.342949
-0.320787
-0.319337
-0.300068
-0.299807
-0.292748
-0.264641
-0.265817
-0.239951
-0.235003
-0.223351
-0.205561
-0.187372
-0.178508
-0.181441
-0.154686
-0.155342
-0.135018
-0.102402
-0.106624
-0.0938249
-0.0778117
-0.0630513
-0.0546289
-0.0612679
-0.0411449
-0.0275249
-0.0275659
0.0138639
0.0167484
6.17184e-05
0.0272047
0.029935
0.0207548
0.0356828
0.0665942
0.0474284
0.0560595
0.0865323
0.0728341
0.0799757
0.0634198
0.0805684
0.0998847
0.089483
0.116451
0.109964
0.123055
0.111571
0.137409
0.158236
0.156695
0.153799
0.15694
0.153553
0.167283
0.169055
0.200834
0.180323
0.207868
0.190548
0.206138
0.189533
0.222838
0.238232
0.216019
0.225425
0.246879
0.255908
0.239832
0.245746
0.251069
0.276489
0.278249
0.255514
0.279702
0.280884
0.276811
0.308695
0.305661
0.304145
0.312685
0.318125
0.310457
0.325269
0.313762
0.326297
0.34057
0.332874
0.361865
0.35326
0.354259
0.354746
0.3711
0.367989
0.372749
0.374911
0.366498
0.387743
0.379601
0.42429
0.391344
0.410886
0.397744
0.4062
0.408145
0.421033
0.4322
0.412017
0.436479
0.424187
0.430709
0.422408
0.434473
0.451882
0.435704
0.432569
0.437848
0.469256
0.463397
0.452848
0.451131
0.472185
0.457725
0.460607
0.459753
0.470973
0.469386
0.480403
0.472626
0.473246
0.482295
0.469061
0.479805
0.487506
0.469616
0.468461
0.492412
0.492739
0.500981
0.494913
0.500481
0.489296
0.509642
0.509629
0.486944
0.482261
0.504912
0.501438
0.51772
0.509737
0.487561
0.507933
0.499839
0.505227
0.513733
0.48659
0.493615
0.504722
0.491025
0.49558
0.479534
0.505578
0.487251
0.489195
0.494261
0.497177
0.478999
0.470563
0.50019
0.500483
0.465747
0.488393
0.49615
0.48774
0.485227
0.474238
0.45683
0.47723
0.483675
0.483325
0.477982
0.481173
0.456803
0.472094
0.469771
0.449788
0.472023
0.460412
0.446212
0.453507
0.425429
0.440846
0.434113
0.442443
0.427782
0.443786
0.424496
0.42908
0.424002
0.407226
0.409883
0.394076
0.40738
0.396981
0.390163
0.390912
0.407056
0.385526
0.384483
0.378897
0.361017
0.36017
0.375776
0.371129
0.359987
0.345888
0.35539
0.346582
0.340843
0.319954
0.313597
0.300396
0.317481
0.312771
0.307334
0.286323
0.293037
0.302972
0.286774
0.272956
0.287304
0.277231
0.269315
0.253832
0.271362
0.232545
0.23575
0.255428
0.233598
0.232108
0.230961
0.209144
0.214919
0.213548
0.211253
0.190107
0.180798
0.192746
0.17208
0.16456
0.157862
0.14835
0.165422
0.15554
0.143868
0.119908
0.140109
0.11798
0.118679
0.121547
0.11904
0.0917344
0.100311
0.069546
0.0690516
0.0776873
0.0635035
0.0689032
0.0482657
0.0533819
0.0498384
0.0327344
0.0235598
0.03137
0.0221503
0.016128
-0.0107427
0.000220011
0.00394697
-0.013718
-0.00552279
-0.0239383
-0.0452786
-0.014332
-0.0637352
-0.0667402
-0.0680658
-0.0692121
-0.079425
-0.0748574
-0.0817395
-0.0839713
-0.0891867
-0.111203
-0.100332
-0.086759
-0.104395
-0.114931
-0.137423
-0.141382
-0.132211
-0.150723
-0.136538
-0.164634
-0.163767
-0.16008
-0.176019
-0.170522
-0.19697
-0.206713
-0.214874
-0.213598
-0.208933
-0.219639
-0.241467
-0.246869
-0.243423
-0.244229
-0.241019
-0.254979
-0.253873
-0.269711
-0.250309
-0.269163
-0.261932
-0.281456
-0.272025
-0.292841
-0.307449
-0.305554
-0.310492
-0.313364
-0.323985
-0.327288
-0.347598
-0.3342
-0.347353
-0.338146
-0.359618
-0.338122
-0.360562
-0.358341
-0.37719
-0.376966
-0.362468
-0.370539
-0.368708
-0.386795
-0.388234
-0.390802
-0.384099
-0.404048
-0.405192
-0.410683
-0.403316
-0.393256
-0.415441
-0.420566
-0.424183
-0.418207
-0.440606
-0.430272
-0.449695
-0.456606
-0.453573
-0.443841
-0.456745
-0.454141
-0.458373
-0.460893
-0.46737
-0.469688
-0.464506
-0.46839
-0.480397
-0.476034
-0.478608
-0.477069
-0.476071
-0.468128
-0.475284
-0.489515
-0.493986
-0.482021
-0.489441
-0.49511
-0.491405
-0.475302
-0.499165
-0.519996
-0.498998
-0.503981
-0.502964
-0.47792
-0.490544
-0.494195
-0.511154
-0.514474
-0.50267
-0.506015
-0.503894
-0.514129
-0.497901
-0.493874
-0.487261
-0.5011
-0.511253
-0.483283
-0.509851
-0.493024
-0.513516
-0.485727
-0.482116
-0.499401
-0.504677
-0.495213
-0.498874
-0.494899
-0.506532
-0.488624
-0.472864
-0.49777
-0.486168
-0.480113
-0.486405
-0.48041
-0.492369
-0.476268
-0.467504
-0.483747
-0.477048
-0.456494
-0.469203
-0.460866
-0.444287
-0.451299
-0.446428
-0.460137
-0.451801
-0.439536
-0.429398
-0.441584
-0.433877
-0.431849
-0.438052
-0.453317
-0.417933
-0.426351
-0.416591
-0.411695
-0.411062
-0.405797
-0.422882
-0.394393
-0.417154
-0.391623
-0.389413
-0.384058
-0.376443
-0.388998
-0.35506
-0.364776
-0.373397
-0.361449
-0.361288
-0.355321
-0.370057
-0.348199
-0.358441
-0.326414
-0.309095
-0.31736
-0.296242
-0.301403
-0.310833
-0.299519
-0.299258
-0.298051
-0.274757
-0.278398
-0.29054
-0.264725
-0.2555
-0.265571
-0.260983
-0.256415
-0.244475
-0.233734
-0.245425
-0.230947
-0.214848
-0.216737
-0.208035
-0.199545
-0.200589
-0.19709
-0.192115
-0.179535
-0.171716
-0.17134
-0.176886
-0.153526
-0.156974
-0.152654
-0.144704
-0.1315
-0.153721
-0.139873
-0.0985451
-0.114195
-0.0893358
-0.106159
-0.101981
-0.0860301
-0.073062
-0.0638686
-0.0569856
-0.0672609
-0.0461161
-0.0364477
-0.059892
-0.0388564
-0.0384455
-0.0324586
-0.0119492
-0.00650238
-0.0113929
0.00321685
0.00932411
0.0215593
0.0330242
0.0568419
0.0659975
0.0752817
0.0932088
0.104041
0.111309
0.125874
0.136382
0.13435
0.154339
0.181185
0.17702
0.189542
0.223342
0.230572
0.23381
0.263892
0.263082
0.269872
0.287755
0.302003
0.306791
0.320433
0.337108
0.359883
0.352179
0.367574
0.37411
0.392997
0.387961
0.403356
0.409142
0.426016
0.452498
0.450678
0.476189
0.518211
0.479228
0.503818
0.505856
0.533444
0.527608
0.544419
0.563643
0.571088
0.564979
0.580034
0.593546
0.599027
0.608263
0.616163
0.62425
0.630172
0.66714
0.669977
0.674768
0.690534
0.682553
0.709864
0.70895
0.71153
0.716017
0.739712
0.742087
0.747668
0.761706
0.768843
0.794625
0.775868
0.817054
0.810168
0.819285
0.821483
0.821561
0.837214
0.841639
0.863675
0.847784
0.84808
0.869679
0.872799
0.882178
0.887817
0.896056
0.882877
0.895652
0.907585
0.915922
0.915091
0.915228
0.942755
0.917887
0.940447
0.938143
0.944235
0.951077
0.949888
0.942471
0.9385
0.966832
0.967066
0.972905
0.965172
0.956536
0.989636
0.985818
0.970645
0.994624
0.983868
0.994907
0.990483
0.997321
1.00005
0.987985
0.99156
0.9927
0.982665
1.00511
0.99841
1.00081
0.994692
1.00375
1.01513
1.00769
1.02701
0.991035
0.982825
1.00015
0.980976
1.00847
1.00077
1.00462
0.996233
0.986715
0.982521
0.982362
0.971632
0.976593
0.986977
0.988238
0.964127
0.967217
0.962573
0.964091
0.967021
0.935527
0.946027
0.947888
0.957905
0.948883
0.932313
0.931509
0.92209
0.920407
0.915671
0.914523
0.906091
0.895708
0.874961
0.893845
0.864679
0.898374
0.849472
0.846934
0.884126
0.863138
0.843691
0.851113
0.841408
0.803552
0.815084
0.825421
0.79932
0.786057
0.784955
0.780714
0.772764
0.757111
0.771285
0.742285
0.741334
0.730637
0.723894
0.704628
0.708163
0.701471
0.683309
0.661415
0.655888
0.641577
0.656241
0.65284
0.632233
0.630436
0.615523
0.606559
0.573896
0.579388
0.574965
0.5666
0.544496
0.540547
0.519721
0.525745
0.500298
0.49308
0.470716
0.461164
0.456388
0.453063
0.441432
0.415356
0.414508
0.410041
0.401933
0.379518
0.384965
0.35683
0.342792
0.339558
0.340273
0.318089
0.287143
0.282831
0.264169
0.243939
0.253957
0.220256
0.229031
0.219612
0.184927
0.211921
0.192223
0.151341
0.175894
0.136354
0.126564
0.111324
0.116156
0.0923611
0.0787179
0.0694358
0.0301892
0.0174183
0.0281272
0.0103153
-0.0140198
-0.00124542
-0.0242955
-0.0373466
-0.0478836
-0.0676866
-0.0696172
-0.0518168
-0.0896082
-0.118911
-0.133211
-0.144612
-0.166438
-0.163746
-0.181633
-0.181208
-0.193584
-0.208049
-0.219971
-0.244592
-0.247792
-0.262583
-0.271709
-0.281641
-0.297015
-0.307335
-0.32009
-0.326345
-0.337078
-0.362156
-0.354283
-0.386944
-0.412202
-0.403389
-0.406966
-0.433582
-0.453325
-0.458262
-0.46004
-0.472453
-0.486756
-0.527478
-0.51971
-0.51242
-0.53455
-0.530193
-0.55245
-0.552279
-0.563192
-0.56359
-0.575619
-0.583349
-0.620948
-0.617567
-0.613684
-0.625228
-0.641851
-0.656457
-0.652729
-0.685223
-0.683158
-0.684691
-0.699665
-0.705929
-0.733047
-0.744006
-0.740119
-0.744263
-0.745179
-0.770042
-0.779235
-0.774053
-0.796656
-0.79115
-0.767535
-0.802953
-0.819853
-0.815514
-0.832917
-0.843145
-0.839083
-0.850036
-0.858151
-0.837102
-0.876637
-0.869926
-0.898863
-0.896828
-0.885004
-0.911896
-0.90362
-0.910303
-0.92032
-0.918641
-0.928019
-0.920595
-0.928136
-0.935884
-0.933983
-0.943491
-0.948045
-0.94929
-0.952437
-0.965391
-0.974147
-0.975384
-0.960016
-0.9568
-0.973675
-0.974732
-0.958857
-0.986996
-0.975427
-0.974996
-0.985148
-0.984479
-0.98906
-0.987199
-0.98779
-1.00788
-1.00938
-0.995699
-0.996012
-0.983441
-0.991914
-1.0037
-1.01245
-0.978387
-0.995046
-1.00611
-1.00742
-0.990867
-1.00609
-1.01103
-0.971238
-0.977084
-0.993582
-0.979676
-0.979017
-1.00239
-0.976291
-0.951604
-0.982889
-0.980168
-0.968799
-0.969303
-0.951298
-0.95461
-0.957751
-0.954389
-0.96351
-0.950122
-0.925026
-0.946138
-0.934388
-0.952925
-0.926052
-0.916062
-0.927711
-0.910421
-0.925598
-0.914281
-0.898142
-0.891442
-0.886945
-0.86743
-0.883919
-0.867121
-0.869433
-0.861151
-0.844344
-0.819998
-0.824989
-0.827611
-0.824788
-0.82419
-0.811725
-0.786497
-0.778317
-0.790517
-0.758439
-0.753262
-0.750967
-0.750549
-0.743206
-0.720032
-0.71921
-0.715655
-0.704808
-0.670768
-0.697319
-0.673736
-0.66867
-0.667971
-0.65732
-0.627011
-0.623008
-0.609958
-0.602277
-0.611527
-0.567701
-0.576692
-0.57126
-0.551232
-0.548942
-0.561654
-0.533318
-0.509633
-0.50772
-0.506257
-0.477662
-0.468284
-0.465398
-0.452601
-0.428318
-0.420998
-0.407962
-0.40589
-0.412303
-0.390892
-0.383738
-0.361213
-0.341525
-0.331806
-0.327557
-0.320301
-0.315127
-0.291482
-0.27385
-0.259938
-0.231917
-0.253016
-0.212485
-0.188135
-0.207815
-0.182205
-0.177424
-0.169525
-0.140531
-0.142917
-0.112275
-0.123688
-0.100985
-0.0827828
-0.0744698
-0.0451471
-0.0602367
-0.0380051
-0.0202888
-0.00730207
0.00464299
0.00402539
0.0271922
0.0117799
0.0127203
0.0345106
0.0307915
0.0281827
0.0446843
0.0590421
0.0484364
0.0570799
0.0849638
0.0713394
0.0901037
0.0985231
0.098408
0.105584
0.12008
0.110481
0.118441
0.121591
0.134846
0.127889
0.134204
0.158081
0.163634
0.16745
0.184904
0.184664
0.195169
0.190451
0.198968
0.20655
0.226676
0.205848
0.204108
0.220259
0.207635
0.239144
0.227514
0.250827
0.252558
0.25139
0.257369
0.250297
0.278513
0.286342
0.271305
0.290551
0.290404
0.295322
0.307263
0.317275
0.336643
0.325238
0.317441
0.334373
0.320205
0.337487
0.345254
0.327037
0.342611
0.350491
0.372642
0.375498
0.379472
0.369981
0.382542
0.387785
0.386676
0.3983
0.408663
0.393671
0.407503
0.398238
0.396178
0.413355
0.412058
0.418145
0.426432
0.427193
0.428084
0.450752
0.446005
0.455789
0.450416
0.448805
0.454156
0.450952
0.476103
0.455182
0.459434
0.46497
0.469569
0.467338
0.486987
0.48345
0.464732
0.453865
0.471723
0.475123
0.464667
0.473567
0.493442
0.455072
0.493378
0.483494
0.49175
0.497817
0.49438
0.485698
0.482526
0.504158
0.503833
0.501714
0.495149
0.4972
0.492811
0.490889
0.506879
0.508748
0.4989
0.504749
0.508226
0.492943
0.511949
0.485085
0.512267
0.494269
0.482698
0.505608
0.510427
0.49318
0.500957
0.50888
0.493427
0.485426
0.483706
0.478536
0.494074
0.484014
0.496123
0.486935
0.491453
0.479778
0.479673
0.473317
0.484869
0.469389
0.480136
0.482193
0.471652
0.486195
0.473435
0.450845
0.45799
0.462179
0.467505
0.445375
0.450044
0.447594
0.440464
0.457959
0.432094
0.424191
0.437756
0.435127
0.425859
0.407625
0.4139
0.427312
0.42105
0.416377
0.406954
0.392615
0.401953
0.386168
0.395475
0.391601
0.401564
0.351472
0.372185
0.365712
0.377166
0.353153
0.376062
0.364766
0.350303
0.344745
0.349685
0.343683
0.346441
0.320511
0.319193
0.324881
0.316423
0.301337
0.307024
0.291037
0.28768
0.305365
0.290113
0.277038
0.276344
0.280001
0.26012
0.261775
0.258485
0.249749
0.237277
0.237213
0.223636
0.220575
0.197479
0.218601
0.21197
0.21049
0.193448
0.195707
0.190627
0.172449
0.183385
0.185512
0.161186
0.154473
0.147503
0.153439
0.126567
0.140125
0.127148
0.139799
0.0931299
0.0987986
0.109261
0.0954359
0.0911489
0.0893727
0.0698427
0.075261
0.0513406
0.0551782
0.0476348
0.0441315
0.0376994
0.0150118
0.0448023
0.0175074
0.00461631
0.0092071
-0.0140164
-0.0144289
-0.014232
-0.0312657
-0.0313027
-0.0466609
-0.0294094
-0.0231702
-0.0502024
-0.0643047
-0.0552475
-0.0779947
-0.0932963
-0.0845382
-0.0846325
-0.083611
-0.0907922
-0.0950506
-0.109375
-0.124124
-0.111707
-0.133632
-0.138992
-0.13927
-0.147093
-0.158935
-0.164323
-0.172499
-0.179983
-0.176747
-0.195227
-0.185243
-0.194578
-0.20019
-0.206122
-0.182873
-0.237372
-0.218169
-0.235554
-0.230569
-0.243485
-0.250687
-0.259748
-0.266178
-0.248996
-0.279149
-0.278181
-0.272247
-0.281618
-0.279275
-0.311316
-0.287986
-0.2922
-0.315387
-0.294649
-0.322009
-0.328558
-0.3178
-0.331342
-0.340395
-0.348008
-0.351877
-0.365467
-0.359995
-0.371022
-0.364263
-0.365596
-0.385822
-0.366126
-0.383044
-0.371164
-0.385142
-0.409321
-0.383976
-0.402372
-0.401945
-0.406136
-0.414277
-0.404317
-0.430054
-0.421505
-0.425454
-0.426946
-0.428867
-0.436414
-0.433517
-0.445224
-0.447166
-0.4447
-0.462574
-0.448584
-0.457736
-0.497534
-0.46371
-0.460251
-0.441034
-0.472785
-0.476768
-0.492856
-0.47193
-0.471861
-0.472425
-0.481096
-0.468003
-0.480343
-0.466483
-0.476807
-0.490141
-0.494016
-0.474316
-0.487213
-0.499221
-0.494815
-0.495764
-0.496848
-0.488837
-0.49344
-0.523009
-0.502134
-0.499373
-0.488829
-0.493983
-0.487664
-0.494628
-0.516923
-0.487614
-0.51206
-0.489659
-0.503659
-0.52173
-0.515046
-0.494274
-0.513138
-0.480241
-0.492229
-0.500355
-0.484262
-0.471285
-0.496427
-0.48199
-0.475696
-0.479549
-0.499565
-0.487854
-0.5003
-0.495905
-0.490311
-0.486719
-0.477665
-0.469853
-0.485964
-0.468417
-0.478765
-0.463621
-0.471442
-0.45504
-0.463166
-0.464676
-0.449815
-0.461189
-0.451567
-0.44271
-0.462983
-0.450198
-0.43893
-0.429502
-0.443819
-0.41896
-0.406145
-0.424541
-0.418121
-0.429301
-0.411963
-0.415879
-0.394111
-0.415224
-0.419182
-0.417199
-0.383469
-0.398393
-0.36948
-0.378009
-0.377636
-0.375779
-0.372049
-0.373786
-0.389114
-0.363267
-0.349042
-0.351827
-0.362022
-0.342839
-0.354563
-0.318196
-0.332709
-0.339456
-0.308729
-0.308959
-0.312368
-0.301473
-0.308218
-0.290444
-0.285016
-0.274697
-0.280996
-0.283487
-0.267995
-0.254139
-0.256138
-0.260368
-0.232212
-0.223407
-0.24882
-0.224021
-0.205044
-0.209659
-0.215272
-0.19518
-0.181652
-0.196145
-0.189296
-0.168547
-0.177659
-0.178392
-0.15607
-0.166121
-0.144418
-0.151536
-0.129415
-0.13655
-0.139031
-0.128419
-0.133443
-0.112323
-0.0897533
-0.114482
-0.0893628
-0.0926142
-0.0722522
-0.0725899
-0.0522054
-0.0695361
-0.0534033
-0.0515786
-0.0434352
-0.0292933
-0.0106896
-0.0153199
-0.00970646
-0.00850294
0.0161311
0.0230417
0.0132301
0.0568692
0.0641852
0.0443011
0.0656415
0.0751591
0.09032
0.104721
0.130856
0.137451
0.146729
0.173077
0.172341
0.169758
0.199556
0.210896
0.213014
0.239896
0.240766
0.257132
0.26868
0.306915
0.305231
0.307143
0.319913
0.335686
0.336042
0.343898
0.372024
0.370582
0.380025
0.394455
0.415764
0.434771
0.44862
0.453217
0.447339
0.45391
0.482303
0.483513
0.526009
0.515401
0.508496
0.542291
0.541486
0.546513
0.572504
0.56629
0.594895
0.591896
0.610184
0.615135
0.632864
0.622415
0.639123
0.656887
0.6749
0.671188
0.673418
0.685507
0.712069
0.71834
0.723356
0.731797
0.741122
0.749098
0.754716
0.750104
0.762513
0.778553
0.765876
0.791528
0.80201
0.803674
0.813085
0.803285
0.825431
0.83183
0.837662
0.862674
0.857421
0.864583
0.861578
0.86526
0.882509
0.884832
0.894972
0.893924
0.897395
0.898696
0.926527
0.914795
0.928258
0.927503
0.932249
0.942549
0.931923
0.945922
0.959085
0.945818
0.96758
0.961001
0.974848
0.972589
0.968663
0.995834
0.975331
0.973282
1.00096
1.00048
0.999502
1.00007
1.00224
0.993399
0.986418
0.999751
0.985541
1.00225
1.00057
0.996516
0.993055
1.01402
1.01315
0.998045
1.03197
0.995707
0.982932
0.991604
1.01908
0.987201
0.984014
0.98419
1.00165
0.991368
0.983163
0.985515
0.991532
0.993245
0.956805
0.984893
0.963173
0.973852
0.949074
0.970302
0.967168
0.966428
0.955836
0.970247
0.947833
0.944584
0.946969
0.937176
0.929695
0.915778
0.925311
0.921788
0.920625
0.900412
0.89906
0.897286
0.906816
0.890194
0.880674
0.887405
0.857098
0.866157
0.846975
0.848542
0.857003
0.846971
0.847419
0.82434
0.825664
0.802524
0.811195
0.808282
0.785438
0.774587
0.780313
0.755494
0.755235
0.720936
0.752367
0.740968
0.706259
0.722584
0.694327
0.701141
0.698125
0.682844
0.665308
0.651281
0.65954
0.646679
0.618513
0.637022
0.609555
0.586455
0.600447
0.575056
0.552982
0.563299
0.537727
0.536427
0.514354
0.501841
0.521691
0.493024
0.494829
0.470231
0.447165
0.464337
0.439079
0.415153
0.41271
0.408509
0.378882
0.382295
0.370116
0.3527
0.344339
0.338122
0.321632
0.321853
0.302391
0.268644
0.273347
0.270269
0.266635
0.237791
0.225701
0.215973
0.204594
0.19106
0.156424
0.169574
0.156824
0.133038
0.119291
0.106327
0.0828864
0.0829535
0.0791991
0.0614086
0.0676047
0.0347151
0.015188
0.0152667
-0.00688095
-0.0113669
-0.0101928
-0.0369768
-0.0380697
-0.0678131
-0.0632298
-0.0898935
-0.0919251
-0.111984
-0.126333
-0.138538
-0.146898
-0.174228
-0.167185
-0.16791
-0.193098
-0.222053
-0.219465
-0.234923
-0.270528
-0.265782
-0.271192
-0.286719
-0.293832
-0.290892
-0.329041
-0.339776
-0.341991
-0.37187
-0.366328
-0.37091
-0.395796
-0.409016
-0.421044
-0.416219
-0.446656
-0.435582
-0.456602
-0.462813
-0.494913
-0.504583
-0.519957
-0.513845
-0.535613
-0.529874
-0.548107
-0.564128
-0.574699
-0.568322
-0.582212
-0.604333
-0.604502
-0.623091
-0.629083
-0.637917
-0.635617
-0.660033
-0.663881
-0.687191
-0.66905
-0.688289
-0.696655
-0.728585
-0.725381
-0.726195
-0.742772
-0.743976
-0.739735
-0.757579
-0.764506
-0.785139
-0.79153
-0.797721
-0.807719
-0.810444
-0.809702
-0.833641
-0.851453
-0.840034
-0.831874
-0.862768
-0.848592
-0.870401
-0.85995
-0.872323
-0.888308
-0.907092
-0.891934
-0.909539
-0.905033
-0.914306
-0.913507
-0.924026
-0.929453
-0.92225
-0.92782
-0.935402
-0.940678
-0.947088
-0.95773
-0.95796
-0.954283
-0.964679
-0.953425
-0.966292
-0.973144
-0.976624
-0.971072
-0.991743
-0.982121
-0.988841
-0.981061
-0.998757
-0.990002
-1.00567
-0.973788
-1.00043
-0.999524
-1.01431
-0.99532
-1.00283
-1.00314
-1.00134
-1.00636
-1.00521
-1.0054
-1.01029
-0.972577
-0.985533
-0.994401
-0.997384
-1.02569
-0.986253
-0.990419
-0.989365
-0.976217
-0.991912
-1.01018
-0.975411
-0.971624
-0.984156
-0.967306
-0.971415
-0.970225
-0.981893
-0.985557
-0.965235
-0.95292
-0.968914
-0.941021
-0.949563
-0.938122
-0.948776
-0.940148
-0.924179
-0.909736
-0.933106
-0.907884
-0.928867
-0.920316
-0.910836
-0.882742
-0.885019
-0.881624
-0.869656
-0.880301
-0.854172
-0.863238
-0.862421
-0.844937
-0.811955
-0.843965
-0.817962
-0.824552
-0.803178
-0.79908
-0.811423
-0.782523
-0.780753
-0.75618
-0.756432
-0.736224
-0.74978
-0.72522
-0.720917
-0.741129
-0.721452
-0.687077
-0.686636
-0.680326
-0.675295
-0.652209
-0.64746
-0.635306
-0.632755
-0.623323
-0.623161
-0.601809
-0.587072
-0.587758
-0.57825
-0.556686
-0.558473
-0.547396
-0.547726
-0.548261
-0.527054
-0.498004
-0.503803
-0.473583
-0.460684
-0.44981
-0.448588
-0.44332
-0.424143
-0.415506
-0.413557
-0.393652
-0.368306
-0.374472
-0.365332
-0.33949
-0.32052
-0.326956
-0.30281
-0.277302
-0.268534
-0.258278
-0.264131
-0.246716
-0.226311
-0.219775
-0.21381
-0.195192
-0.203407
-0.179833
-0.172468
-0.147056
-0.155535
-0.117229
-0.113875
-0.0880494
-0.0929907
-0.0609351
-0.0638324
-0.0507704
-0.0170774
-0.0315203
-0.0124598
-0.00775663
0.0134775
0.00148254
0.0142087
0.0293068
0.045266
0.0420159
0.0562628
0.059392
0.0435542
0.0499833
0.0649956
0.0764091
0.0834364
0.102914
0.120799
0.108843
0.100954
0.106967
0.116736
0.135051
0.117766
0.133241
0.126142
0.134404
0.152278
0.144926
0.154592
0.180208
0.180551
0.187976
0.18218
0.200048
0.2167
0.199923
0.21429
0.211995
0.219349
0.225671
0.231836
0.250328
0.250003
0.274149
0.256735
0.258175
0.260396
0.272421
0.269992
0.28183
0.275274
0.292595
0.311844
0.304437
0.285904
0.304201
0.309747
0.336289
0.323421
0.315352
0.340898
0.338167
0.324789
0.356304
0.339081
0.353977
0.342511
0.36859
0.382301
0.39218
0.384911
0.392062
0.4077
0.400097
0.401806
0.409084
0.401481
0.427243
0.419375
0.406806
0.410929
0.423182
0.436369
0.434739
0.423789
0.416432
0.438839
0.45556
0.432356
0.445227
0.436855
0.439685
0.473453
0.460868
0.451125
0.457808
0.474961
0.473731
0.47908
0.467778
0.473865
0.47691
0.477581
0.482631
0.504342
0.473584
0.487974
0.483579
0.487824
0.491079
0.496062
0.483828
0.488168
0.491321
0.492255
0.506611
0.484874
0.502823
0.485912
0.49654
0.51298
0.495956
0.483269
0.502261
0.497993
0.510405
0.498169
0.504256
0.501928
0.492186
0.49671
0.487802
0.510248
0.498378
0.476105
0.490114
0.481029
0.4943
0.489588
0.488744
0.495016
0.487069
0.486631
0.498087
0.469429
0.491756
0.487406
0.490357
0.489486
0.478682
0.467689
0.474702
0.459274
0.471025
0.489682
0.449974
0.488867
0.448285
0.480464
0.473292
0.457406
0.441241
0.43207
0.443837
0.454761
0.44156
0.435144
0.438964
0.446462
0.406302
0.433348
0.428848
0.431455
0.406121
0.400844
0.431595
0.416698
0.409607
0.397484
0.390421
0.396657
0.378654
0.378735
0.396034
0.353703
0.378497
0.369941
0.355672
0.352472
0.365215
0.344411
0.32533
0.337724
0.335273
0.336632
0.339816
0.33915
0.327104
0.306753
0.308494
0.304957
0.288501
0.287973
0.279
0.278959
0.26857
0.27901
0.258823
0.280969
0.24427
0.241088
0.233773
0.228885
0.227676
0.225833
0.221225
0.226736
0.19738
0.196687
0.205424
0.199573
0.186341
0.172068
0.166874
0.166521
0.153463
0.159909
0.157981
0.129011
0.117609
0.142953
0.121839
0.116104
0.105529
0.103984
0.103032
0.0955966
0.0937891
0.0796708
0.0784435
0.0638722
0.0677428
0.0549312
0.0484563
0.0413833
0.0457582
0.0177395
0.0293433
0.0224052
0.0202544
-0.0117091
-0.0127311
-0.00504704
-0.00481986
-0.0247232
-0.00672328
-0.0292358
-0.0337796
-0.0461513
-0.053004
-0.0734538
-0.0697534
-0.0864627
-0.0815831
-0.084881
-0.0873132
-0.0984476
-0.100022
-0.122618
-0.100627
-0.121964
-0.119861
-0.101694
-0.122432
-0.134269
-0.15049
-0.174565
-0.157668
-0.186406
-0.180541
-0.176951
-0.175196
-0.173039
-0.199638
-0.202032
-0.20005
-0.225701
-0.21418
-0.240502
-0.24766
-0.234574
-0.238649
-0.240219
-0.251328
-0.262749
-0.266244
-0.256524
-0.272126
-0.28124
-0.281573
-0.275012
-0.311592
-0.293319
-0.283763
-0.325764
-0.311587
-0.322959
-0.315599
-0.326808
-0.336553
-0.349223
-0.345689
-0.355723
-0.357636
-0.353976
-0.352654
-0.35825
-0.35853
-0.369954
-0.371892
-0.381372
-0.380215
-0.373377
-0.379868
-0.395847
-0.385967
-0.40832
-0.418018
-0.415195
-0.413193
-0.437214
-0.429495
-0.422266
-0.452051
-0.422406
-0.429962
-0.436147
-0.453795
-0.449583
-0.440014
-0.436737
-0.4611
-0.445659
-0.466461
-0.452144
-0.466251
-0.463133
-0.468673
-0.460589
-0.482296
-0.490642
-0.481648
-0.464461
-0.494117
-0.478701
-0.470058
-0.486609
-0.485991
-0.496017
-0.48662
-0.498305
-0.47623
-0.480893
-0.509703
-0.505643
-0.493128
-0.486712
-0.494116
-0.502228
-0.500269
-0.486032
-0.498972
-0.512613
-0.495461
-0.495833
-0.504384
-0.492846
-0.510839
-0.498467
-0.500347
-0.49132
-0.5246
-0.52082
-0.477249
-0.485315
-0.49991
-0.476646
-0.469656
-0.521049
-0.509595
-0.493453
-0.476914
-0.500069
-0.478456
-0.48327
-0.480261
-0.485054
-0.508714
-0.494208
-0.471119
-0.491295
-0.482426
-0.467802
-0.471843
-0.467137
-0.492131
-0.468688
-0.456833
-0.452853
-0.454234
-0.443145
-0.472978
-0.472614
-0.441249
-0.441582
-0.43796
-0.440479
-0.431455
-0.419044
-0.421815
-0.416522
-0.43198
-0.407202
-0.428126
-0.39849
-0.409995
-0.40365
-0.408157
-0.407733
-0.399243
-0.387095
-0.386308
-0.359957
-0.368095
-0.373245
-0.352283
-0.354716
-0.354599
-0.334303
-0.369777
-0.342858
-0.334636
-0.340671
-0.32543
-0.335062
-0.327721
-0.31724
-0.313496
-0.298801
-0.304855
-0.298051
-0.29793
-0.308922
-0.285912
-0.276088
-0.267158
-0.263717
-0.261371
-0.231521
-0.25878
-0.245236
-0.249949
-0.253106
-0.233295
-0.234057
-0.226385
-0.20966
-0.181543
-0.206298
-0.196272
-0.185395
-0.157899
-0.175853
-0.159347
-0.17073
-0.136615
-0.159704
-0.13157
-0.151246
-0.167436
-0.133371
-0.123454
-0.106296
-0.101411
-0.127021
-0.0953456
-0.0947538
-0.0865857
-0.085523
-0.071937
-0.0658681
-0.0555879
-0.045734
-0.0605363
-0.0426923
-0.0337518
-0.0318225
-0.0313498
-0.0316338
-0.0137061
-0.00935516
0.00562001
0.0144173
0.018383
0.0441546
0.0373282
0.0668774
0.068513
0.092451
0.112933
0.102722
0.11778
0.136579
0.148355
0.171388
0.178342
0.189375
0.196459
0.218335
0.239455
0.239564
0.255495
0.277397
0.28645
0.291808
0.290573
0.292525
0.327403
0.335858
0.355179
0.349129
0.376326
0.398474
0.384324
0.391061
0.396286
0.420489
0.443848
0.448126
0.456268
0.476652
0.475796
0.515692
0.491451
0.526365
0.528386
0.539205
0.541694
0.557082
0.568299
0.592002
0.580197
0.616105
0.590541
0.625683
0.628028
0.645422
0.643912
0.671315
0.672589
0.687061
0.688365
0.709646
0.71135
0.70848
0.707554
0.733606
0.735855
0.731735
0.743672
0.761242
0.769289
0.784304
0.779431
0.791593
0.786111
0.824115
0.792008
0.82789
0.829745
0.838221
0.829829
0.868473
0.85449
0.867922
0.874158
0.875184
0.877155
0.888371
0.881773
0.90831
0.907576
0.916089
0.913946
0.924138
0.918529
0.931612
0.936133
0.940017
0.93726
0.94277
0.936997
0.963707
0.947459
0.964981
0.980638
0.978321
0.96865
0.956839
0.969164
0.976479
0.972719
1.00586
0.970697
0.980353
0.973676
0.990644
1.00028
1.00904
0.99028
1.0059
0.996877
0.996757
1.00549
0.987827
1.00027
0.998476
0.996242
0.989623
0.98433
0.985114
0.991581
1.00478
1.00529
0.976962
0.988556
0.992802
1.00864
0.991436
0.99364
0.974713
0.974111
0.965565
0.977567
0.975318
0.972479
0.963127
0.958397
0.97034
0.955292
0.966456
0.939306
0.950882
0.945186
0.952699
0.928483
0.950974
0.928548
0.917536
0.92643
0.922954
0.905257
0.907865
0.891236
0.883271
0.896374
0.891106
0.87644
0.876261
0.853417
0.866084
0.834686
0.822941
0.841944
0.798291
0.810542
0.801891
0.797209
0.806775
0.79184
0.766883
0.774959
0.760415
0.762805
0.741366
0.732166
0.725466
0.713089
0.71007
0.711872
0.693764
0.679855
0.668227
0.675952
0.65837
0.662913
0.647191
0.619604
0.612562
0.601175
0.58895
0.589469
0.590038
0.558074
0.562505
0.5525
0.534859
0.516046
0.509654
0.519261
0.485422
0.484343
0.467284
0.455839
0.462237
0.421978
0.436042
0.382913
0.412958
0.384458
0.380383
0.357305
0.359539
0.337134
0.339131
0.319924
0.31627
0.302357
0.310073
0.279669
0.271168
0.246
0.215708
0.215254
0.208535
0.215191
0.187839
0.184483
0.170247
0.158542
0.135728
0.132166
0.106912
0.109951
0.0873956
0.0671444
0.0580086
0.0187388
0.0328286
0.0217269
0.0143255
-0.0165934
-0.01202
-0.0117099
-0.0439115
-0.0447643
-0.0657382
-0.0761812
-0.0826859
-0.0971767
-0.122116
-0.147088
-0.165017
-0.150162
-0.155215
-0.166412
-0.196855
-0.192648
-0.212431
-0.232004
-0.243019
-0.245344
-0.258497
-0.278292
-0.280457
-0.306776
-0.299729
-0.323092
-0.312592
-0.349536
-0.365665
-0.356073
-0.384458
-0.379902
-0.421767
-0.433143
-0.431528
-0.43032
-0.444454
-0.464579
-0.468675
-0.483699
-0.485728
-0.483343
-0.513306
-0.513612
-0.525692
-0.546485
-0.537807
-0.575459
-0.580696
-0.578814
-0.617373
-0.608449
-0.643131
-0.638852
-0.638217
-0.647757
-0.659909
-0.670351
-0.679662
-0.66969
-0.687781
-0.718764
-0.718851
-0.722031
-0.750921
-0.737941
-0.741333
-0.760278
-0.73988
-0.768096
-0.759949
-0.799221
-0.796373
-0.803485
-0.816298
-0.813796
-0.829308
-0.818992
-0.826341
-0.827559
-0.848047
-0.852391
-0.876751
-0.860217
-0.887925
-0.89237
-0.880817
-0.89922
-0.918724
-0.915782
-0.90199
-0.913695
-0.902389
-0.921123
-0.925026
-0.929285
-0.923258
-0.936201
-0.957782
-0.950409
-0.964944
-0.961502
-0.949905
-0.967631
-0.975598
-0.956876
-0.970396
-0.979533
-0.956182
-0.997569
-0.997631
-1.00296
-0.979552
-0.987709
-0.992959
-1.00317
-1.0094
-0.991777
-1.01469
-1.00038
-0.993557
-0.993605
-0.996511
-0.992323
-1.00602
-0.994494
-1.00499
-0.995666
-0.999186
-0.988678
-0.988112
-0.986925
-1.00411
-0.996142
-0.99129
-0.974844
-0.972789
-0.980554
-0.984569
-0.951467
-0.988557
-0.978191
-0.973413
-0.967446
-0.976398
-0.960204
-0.969167
-0.947909
-0.950722
-0.929293
-0.925459
-0.946457
-0.950205
-0.96162
-0.94249
-0.939576
-0.914388
-0.91308
-0.905801
-0.878053
-0.887799
-0.88572
-0.899537
-0.903289
-0.871483
-0.863224
-0.860934
-0.841116
-0.855007
-0.833487
-0.839293
-0.807265
-0.836583
-0.822486
-0.806288
-0.811642
-0.792542
-0.779808
-0.768839
-0.770419
-0.75504
-0.753331
-0.729605
-0.734343
-0.730209
-0.731445
-0.717764
-0.697196
-0.68443
-0.671468
-0.663694
-0.666413
-0.670622
-0.65023
-0.651084
-0.639382
-0.637072
-0.597189
-0.590059
-0.594043
-0.572089
-0.577774
-0.53609
-0.561491
-0.534467
-0.533727
-0.490028
-0.484712
-0.485225
-0.49566
-0.472636
-0.473908
-0.4466
-0.441487
-0.425789
-0.412259
-0.405905
-0.398997
-0.37632
-0.365014
-0.349592
-0.346551
-0.326439
-0.321122
-0.305646
-0.317008
-0.296928
-0.277112
-0.243441
-0.2537
-0.245656
-0.215288
-0.219667
-0.19314
-0.163167
-0.168799
-0.1796
-0.152612
-0.128134
-0.146452
-0.112075
-0.0960417
-0.093858
-0.0875612
-0.0505738
-0.0403225
-0.0638228
-0.0316933
0.00600523
0.000863999
0.0113851
0.0155972
0.00749233
0.0194665
0.0308228
0.0302945
0.0497487
0.0556808
0.0607926
0.0582415
0.0630834
0.0687396
0.0906945
0.0869881
0.0809971
0.112133
0.103463
0.112659
0.116782
0.134081
0.132409
0.157985
0.153745
0.152179
0.158834
0.167807
0.166854
0.176521
0.189164
0.165896
0.177868
0.19129
0.207856
0.20797
0.209979
0.225376
0.245339
0.217501
0.23329
0.245217
0.259577
0.236065
0.266763
0.252077
0.269484
0.266089
0.280962
0.272857
0.289953
0.291337
0.292784
0.315187
0.303409
0.307048
0.320356
0.332458
0.318642
0.349773
0.34664
0.349207
0.319489
0.340793
0.350911
0.366499
0.366265
0.366803
0.363957
0.383716
0.372518
0.386464
0.385176
0.381103
0.389393
0.403207
0.418825
0.416782
0.431298
0.41803
0.412543
0.436552
0.435968
0.411727
0.426658
0.424553
0.427914
0.450243
0.470286
0.440461
0.437299
0.457391
0.459101
0.469762
0.444368
0.467061
0.463526
0.46613
0.472781
0.485106
0.462814
0.464893
0.497686
0.465487
0.499097
0.496073
0.470712
0.477336
0.485862
0.494109
0.469792
0.48703
0.483378
0.486265
0.50327
0.469796
0.507603
0.491949
0.487223
0.50853
0.508072
0.507828
0.505582
0.51044
0.492826
0.490716
0.485333
0.502172
0.518648
0.486836
0.495191
0.504488
0.508078
0.492826
0.490839
0.4992
0.518176
0.512072
0.498779
0.492873
0.490991
0.501626
0.499028
0.498167
0.477329
0.497364
0.478097
0.485412
0.502691
0.476875
0.490083
0.460719
0.463541
0.469355
0.472508
0.461257
0.483678
0.484944
0.460723
0.455228
0.450118
0.442821
0.457061
0.453765
0.452259
0.416572
0.444435
0.442482
0.424864
0.433229
0.424263
0.427283
0.418753
0.402906
0.403159
0.39941
0.394432
0.394653
0.396231
0.391462
0.409272
0.394073
0.380826
0.375933
0.37555
0.377581
0.35335
0.365171
0.350349
0.347901
0.333845
0.342741
0.336879
0.333423
0.324914
0.33412
0.30673
0.308955
0.313845
0.29741
0.305692
0.310714
0.303935
0.28968
0.274958
0.263932
0.277988
0.261081
0.275792
0.253005
0.257149
0.238004
0.240854
0.224448
0.234781
0.220287
0.202233
0.229491
0.196275
0.203201
0.193494
0.178625
0.184921
0.181492
0.161908
0.158841
0.145967
0.152531
0.135051
0.142172
0.134185
0.15134
0.126263
0.112604
0.103154
0.0884413
0.114817
0.0776053
0.0922431
0.0795164
0.0753253
0.053572
0.0551381
0.0508597
0.0495806
0.037364
0.0219294
0.0397231
0.00704025
0.00732552
0.00780038
0.00128164
-0.0108414
-0.0176294
-0.0266894
-0.0417173
-0.0307413
-0.0548275
-0.0377581
-0.0615115
-0.0668185
-0.0520366
-0.0680986
-0.0599302
-0.0807673
-0.0847331
-0.107661
-0.110997
-0.108799
-0.107344
-0.124458
-0.119312
-0.132864
-0.126066
-0.134834
-0.137566
-0.144268
-0.163445
-0.16985
-0.176955
-0.174463
-0.18598
-0.194855
-0.181714
-0.208192
-0.217212
-0.208354
-0.216023
-0.213238
-0.242841
-0.219808
-0.241179
-0.219202
-0.244897
-0.247664
-0.265923
-0.285879
-0.276763
-0.304172
-0.288066
-0.278391
-0.294223
-0.30315
-0.309827
-0.297345
-0.31994
-0.329237
-0.319294
-0.309557
-0.320297
-0.342737
-0.351949
-0.325851
-0.351205
-0.364237
-0.358764
-0.369301
-0.367232
-0.363817
-0.368735
-0.379797
-0.387966
-0.381697
-0.394272
-0.391138
-0.396458
-0.399988
-0.398982
-0.399563
-0.416559
-0.404243
-0.41602
-0.415148
-0.418712
-0.422904
-0.436994
-0.435004
-0.424806
-0.458871
-0.438332
-0.450676
-0.461078
-0.452789
-0.448487
-0.477073
-0.46711
-0.462238
-0.458099
-0.474569
-0.472516
-0.499214
-0.462526
-0.48954
-0.476838
-0.484503
-0.467971
-0.4908
-0.489761
-0.487697
-0.49987
-0.485908
-0.503001
-0.492355
-0.505445
-0.486275
-0.507172
-0.496596
-0.499088
-0.510459
-0.503901
-0.505597
-0.499788
-0.510387
-0.499955
-0.506895
-0.503429
-0.505086
-0.484789
-0.478705
-0.50901
-0.493168
-0.498731
-0.511419
-0.483246
-0.49522
-0.483254
-0.492976
-0.516144
-0.486007
-0.485087
-0.496208
-0.489608
-0.496192
-0.479432
-0.495538
-0.482453
-0.479768
-0.474818
-0.480988
-0.479696
-0.477233
-0.462533
-0.463276
-0.459641
-0.476131
-0.482966
-0.491898
-0.461916
-0.463928
-0.457187
-0.461256
-0.467023
-0.454324
-0.451905
-0.442037
-0.432058
-0.44889
-0.44637
-0.424381
-0.415872
-0.428286
-0.426058
-0.419224
-0.405884
-0.405939
-0.406808
-0.393541
-0.395277
-0.400448
-0.396075
-0.376392
-0.38156
-0.376975
-0.364473
-0.368049
-0.358328
-0.349763
-0.35159
-0.363256
-0.341844
-0.331075
-0.342366
-0.339414
-0.33049
-0.3051
-0.322425
-0.311868
-0.307737
-0.301741
-0.294715
-0.29092
-0.298745
-0.282646
-0.297431
-0.265722
-0.287709
-0.272987
-0.243523
-0.256961
-0.250345
-0.25061
-0.228669
-0.229855
-0.218166
-0.222972
-0.218457
-0.210037
-0.191706
-0.19283
-0.197375
-0.202994
-0.172399
-0.165543
-0.165186
-0.180143
-0.157122
-0.155935
-0.132069
-0.151961
-0.101981
-0.133884
-0.118171
-0.111926
-0.0942847
-0.10333
-0.106732
-0.0927008
-0.0673184
-0.0563357
-0.0706666
-0.0746936
-0.0615742
-0.0672732
-0.0449632
-0.0334491
-0.0506275
-0.0381931
-0.0177688
-0.0157023
-0.0214255
-0.00983025
